143133 0.00 0.00 0.00
0009600008 0.00 0.00 0.00
0009600009 0.00 0.00 0.00
0009600010 0.00 0.00 0.00
0009600011 0.00 0.00 0.00
0009600012 0.00 0.00 0.00
0009600013 0.00 0.00 0.00
0009600015 0.00 0.00 0.00
0009600016 0.00 0.00 0.00
0009600017 0.00 0.00 0.00
0009600018 0.00 0.00 0.00
0009600020 0.00 0.00 0.00
0009600021 0.00 0.00 0.00
0009600022 0.00 0.00 0.00
0009600023 0.00 0.00 0.00
0009600024 0.00 0.00 0.00
0009600025 0.00 0.00 0.00
0009600026 0.00 0.00 0.00
0009600027 0.00 0.00 0.00
0009600028 0.00 0.00 0.00
0009600029 0.00 0.00 0.00
0009600030 0.00 0.00 0.00
0009600031 0.00 0.00 0.00
0009600032 0.00 0.00 0.00
0009600033 0.00 0.00 0.00
0009600034 0.00 0.00 0.00
0009600035 0.00 0.00 0.00
0009600037 0.00 0.00 0.00
0009600039 0.00 0.00 0.00
0009600040 0.00 0.00 0.00
0009600041 0.00 0.00 0.00
0009600042 0.00 0.00 0.00
0009600043 0.00 0.00 0.00
0009600044 0.00 0.00 0.00
0009600045 0.00 0.00 0.00
0009600047 0.00 0.00 0.00
0009600048 0.00 0.00 0.00
0009600049 0.00 0.00 0.00
0009600050 0.00 0.00 0.00
0009600051 0.00 0.00 0.00
0009600052 0.00 0.00 0.00
0009600053 0.00 0.00 0.00
0009600054 0.00 0.00 0.00
0009600055 0.00 0.00 0.00
0009600056 0.00 0.00 0.00
0009600057 0.00 0.00 0.00
0009600058 0.00 0.00 0.00
0009600059 0.00 0.00 0.00
0009600060 0.00 0.00 0.00
0009600061 0.00 0.00 0.00
0009600063 0.00 0.00 0.00
0009600064 0.00 0.00 0.00
0009600065 0.00 0.00 0.00
0009600066 0.00 0.00 0.00
0009600067 0.00 0.00 0.00
0009600068 0.00 0.00 0.00
0009600070 0.00 0.00 0.00
0009600073 0.00 0.00 0.00
0009600074 0.00 0.00 0.00
0009600075 0.00 0.00 0.00
0009600076 0.00 0.00 0.00
0009600077 0.00 0.00 0.00
0009600078 0.00 0.00 0.00
0009600079 0.00 0.00 0.00
0009600080 0.00 0.00 0.00
0009600081 0.00 0.00 0.00
0009600082 0.00 0.00 0.00
0009600083 0.00 0.00 0.00
0009600084 0.00 0.00 0.00
0009600085 0.00 0.00 0.00
0009600086 0.00 0.00 0.00
0009600087 0.00 0.00 0.00
0009600088 0.00 0.00 0.00
0009600089 0.00 0.00 0.00
0009600090 0.00 0.00 0.00
0009600091 0.00 0.00 0.00
0009600092 0.00 0.00 0.00
0009600093 0.00 0.00 0.00
0009600094 0.00 0.00 0.00
0009600095 0.00 0.00 0.00
0009600096 0.00 0.00 0.00
0009600097 0.00 0.00 0.00
0009600098 0.00 0.00 0.00
0009600100 0.00 0.00 0.00
0009600101 0.00 0.00 0.00
0009600102 0.00 0.00 0.00
0009600103 0.00 0.00 0.00
0009600104 0.00 0.00 0.00
0009600105 0.00 0.00 0.00
0009600106 0.00 0.00 0.00
0009600107 0.00 0.00 0.00
0009600110 0.00 0.00 0.00
0009600111 0.00 0.00 0.00
0009600112 0.00 0.00 0.00
0009600113 0.00 0.00 0.00
0009600114 0.00 0.00 0.00
0009600115 0.00 0.00 0.00
0009600116 0.00 0.00 0.00
0009600117 0.00 0.00 0.00
0009600118 0.00 0.00 0.00
0009600119 0.00 0.00 0.00
0009600121 0.00 0.00 0.00
0009600123 0.00 0.00 0.00
0009600124 0.00 0.00 0.00
0009600125 0.00 0.00 0.00
0009600126 0.00 0.00 0.00
0009600128 0.00 0.00 0.00
0009600129 0.00 0.00 0.00
0009600130 0.00 0.00 0.00
0009600131 0.00 0.00 0.00
0009600132 0.00 0.00 0.00
0009600133 0.00 0.00 0.00
0009600134 0.00 0.00 0.00
0009600135 0.00 0.00 0.00
0009600137 0.00 0.00 0.00
0009600138 0.00 0.00 0.00
0009600139 0.00 0.00 0.00
0009600140 0.00 0.00 0.00
0009600141 0.00 0.00 0.00
0009600144 0.00 0.00 0.00
0009600145 0.00 0.00 0.00
0009600148 0.00 0.00 0.00
0009600149 0.00 0.00 0.00
0009600150 0.00 0.00 0.00
0009600151 0.00 0.00 0.00
0009600152 0.00 0.00 0.00
0009600153 0.00 0.00 0.00
0009600154 0.00 0.00 0.00
0009600155 0.00 0.00 0.00
0009600156 0.00 0.00 0.00
0009600158 0.00 0.00 0.00
0009600159 0.00 0.00 0.00
0009600160 0.00 0.00 0.00
0009600163 0.00 0.00 0.00
0009600164 0.00 0.00 0.00
0009600166 0.00 0.00 0.00
0009600168 0.00 0.00 0.00
0009600169 0.00 0.00 0.00
0009600170 0.00 0.00 0.00
0009600171 0.00 0.00 0.00
0009600172 0.00 0.00 0.00
0009600173 0.00 0.00 0.00
0009600175 0.00 0.00 0.00
0009600176 0.00 0.00 0.00
0009600177 0.00 0.00 0.00
0009600178 0.00 0.00 0.00
0009600179 0.00 0.00 0.00
0009600180 0.00 0.00 0.00
0009600181 0.00 0.00 0.00
0009600182 0.00 0.00 0.00
0009600183 0.00 0.00 0.00
0009600184 0.00 0.00 0.00
0009600185 0.00 0.00 0.00
0009600186 0.00 0.00 0.00
0009600187 0.00 0.00 0.00
0009600188 0.00 0.00 0.00
0009600190 0.00 0.00 0.00
0009600191 0.00 0.00 0.00
0009600192 0.00 0.00 0.00
0009600193 0.00 0.00 0.00
0009600194 0.00 0.00 0.00
0009600195 0.00 0.00 0.00
0009600196 0.00 0.00 0.00
0009600197 0.00 0.00 0.00
0009600198 0.00 0.00 0.00
0009600199 0.00 0.00 0.00
0009600200 0.00 0.00 0.00
0009600201 0.00 0.00 0.00
0009600202 0.00 0.00 0.00
0009600203 0.00 0.00 0.00
0009600204 0.00 0.00 0.00
0009600206 0.00 0.00 0.00
0009600207 0.00 0.00 0.00
0009600208 0.00 0.00 0.00
0009600209 0.00 0.00 0.00
0009600210 0.00 0.00 0.00
0009600212 0.00 0.00 0.00
0009600213 0.00 0.00 0.00
0009600214 0.00 0.00 0.00
0009600215 0.00 0.00 0.00
0009600216 0.00 0.00 0.00
0009600217 0.00 0.00 0.00
0009600218 0.00 0.00 0.00
0009600220 0.00 0.00 0.00
0009600222 0.00 0.00 0.00
0009600223 0.00 0.00 0.00
0009600225 0.00 0.00 0.00
0009600226 0.00 0.00 0.00
0009600227 0.00 0.00 0.00
0009600228 0.00 0.00 0.00
0009600229 0.00 0.00 0.00
0009600230 0.00 0.00 0.00
0009600231 0.00 0.00 0.00
0009600232 0.00 0.00 0.00
0009600233 0.00 0.00 0.00
0009600235 0.00 0.00 0.00
0009600236 0.00 0.00 0.00
0009600237 0.00 0.00 0.00
0009600238 0.00 0.00 0.00
0009600239 0.00 0.00 0.00
0009600240 0.00 0.00 0.00
0009600241 0.00 0.00 0.00
0009600242 0.00 0.00 0.00
0009600244 0.00 0.00 0.00
0009600245 0.00 0.00 0.00
0009600247 0.00 0.00 0.00
0009600250 0.00 0.00 0.00
0009600251 0.00 0.00 0.00
0009600252 0.00 0.00 0.00
0009600253 0.00 0.00 0.00
0009600255 0.00 0.00 0.00
0009600256 0.00 0.00 0.00
0009600257 0.00 0.00 0.00
0009600258 0.00 0.00 0.00
0009600259 0.00 0.00 0.00
0009600260 0.00 0.00 0.00
0009600261 0.00 0.00 0.00
0009600262 0.00 0.00 0.00
0009600263 0.00 0.00 0.00
0009600264 0.00 0.00 0.00
0009600265 0.00 0.00 0.00
0009600266 0.00 0.00 0.00
0009600267 0.00 0.00 0.00
0009600268 0.00 0.00 0.00
0009600269 0.00 0.00 0.00
0009600270 0.00 0.00 0.00
0009600277 0.00 0.00 0.00
0009600278 0.00 0.00 0.00
0009600280 0.00 0.00 0.00
0009600281 0.00 0.00 0.00
0009600284 0.00 0.00 0.00
0009600285 0.00 0.00 0.00
0009600286 0.00 0.00 0.00
0009600287 0.00 0.00 0.00
0009600289 0.00 0.00 0.00
0009600290 0.00 0.00 0.00
0009600291 0.00 0.00 0.00
0009600292 0.00 0.00 0.00
0009600293 0.00 0.00 0.00
0009600294 0.00 0.00 0.00
0009600295 0.00 0.00 0.00
0009600296 0.00 0.00 0.00
0009600297 0.00 0.00 0.00
0009600299 0.00 0.00 0.00
0009600300 0.00 0.00 0.00
0009600301 0.00 0.00 0.00
0009600302 0.00 0.00 0.00
0009600304 0.00 0.00 0.00
0009600305 0.00 0.00 0.00
0009600306 0.00 0.00 0.00
0009600307 0.00 0.00 0.00
0009600308 0.00 0.00 0.00
0009600310 0.00 0.00 0.00
0009600311 0.00 0.00 0.00
0009600312 0.00 0.00 0.00
0009600313 0.00 0.00 0.00
0009600314 0.00 0.00 0.00
0009600315 0.00 0.00 0.00
0009600316 0.00 0.00 0.00
0009600317 0.00 0.00 0.00
0009600318 0.00 0.00 0.00
0009600319 0.00 0.00 0.00
0009600324 0.00 0.00 0.00
0009600326 0.00 0.00 0.00
0009600327 0.00 0.00 0.00
0009600328 0.00 0.00 0.00
0009600329 0.00 0.00 0.00
0009600330 0.00 0.00 0.00
0009600332 0.00 0.00 0.00
0009600333 0.00 0.00 0.00
0009600334 0.00 0.00 0.00
0009600335 0.00 0.00 0.00
0009600336 0.00 0.00 0.00
0009600338 0.00 0.00 0.00
0009600339 0.00 0.00 0.00
0009600340 0.00 0.00 0.00
0009600341 0.00 0.00 0.00
0009600342 0.00 0.00 0.00
0009600344 0.00 0.00 0.00
0009600345 0.00 0.00 0.00
0009600346 0.00 0.00 0.00
0009600347 0.00 0.00 0.00
0009600348 0.00 0.00 0.00
0009600349 0.00 0.00 0.00
0009600350 0.00 0.00 0.00
0009600351 0.00 0.00 0.00
0009600352 0.00 0.00 0.00
0009600353 0.00 0.00 0.00
0009600354 0.00 0.00 0.00
0009600355 0.00 0.00 0.00
0009600356 0.00 0.00 0.00
0009600357 0.00 0.00 0.00
0009600359 0.00 0.00 0.00
0009600361 0.00 0.00 0.00
0009600362 0.00 0.00 0.00
0009600363 0.00 0.00 0.00
0009600364 0.00 0.00 0.00
0009600365 0.00 0.00 0.00
0009600366 0.00 0.00 0.00
0009600367 0.00 0.00 0.00
0009600368 0.00 0.00 0.00
0009600369 0.00 0.00 0.00
0009600370 0.00 0.00 0.00
0009600371 0.00 0.00 0.00
0009600372 0.00 0.00 0.00
0009600373 0.00 0.00 0.00
0009600374 0.00 0.00 0.00
0009600375 0.00 0.00 0.00
0009600376 0.00 0.00 0.00
0009600377 0.00 0.00 0.00
0009600378 0.00 0.00 0.00
0009600379 0.00 0.00 0.00
0009600381 0.00 0.00 0.00
0009600382 0.00 0.00 0.00
0009600383 0.00 0.00 0.00
0009600384 0.00 0.00 0.00
0009600385 0.00 0.00 0.00
0009600386 0.00 0.00 0.00
0009600387 0.00 0.00 0.00
0009600388 0.00 0.00 0.00
0009600389 0.00 0.00 0.00
0009600392 0.00 0.00 0.00
0009600393 0.00 0.00 0.00
0009600394 0.00 0.00 0.00
0009600395 0.00 0.00 0.00
0009600396 0.00 0.00 0.00
0009600398 0.00 0.00 0.00
0009600399 0.00 0.00 0.00
0009600400 0.00 0.00 0.00
0009600401 0.00 0.00 0.00
0009600402 0.00 0.00 0.00
0009600403 0.00 0.00 0.00
0009600404 0.00 0.00 0.00
0009600405 0.00 0.00 0.00
0009600406 0.00 0.00 0.00
0009600407 0.00 0.00 0.00
0009600408 0.00 0.00 0.00
0009600409 0.00 0.00 0.00
0009600410 0.00 0.00 0.00
0009600411 0.00 0.00 0.00
0009600412 0.00 0.00 0.00
0009600413 0.00 0.00 0.00
0009600414 0.00 0.00 0.00
0009600415 0.00 0.00 0.00
0009600416 0.00 0.00 0.00
0009600417 0.00 0.00 0.00
0009600418 0.00 0.00 0.00
0009600419 0.00 0.00 0.00
0009600420 0.00 0.00 0.00
0009600421 0.00 0.00 0.00
0009600422 0.00 0.00 0.00
0009600423 0.00 0.00 0.00
0009600424 0.00 0.00 0.00
0009600425 0.00 0.00 0.00
0009600426 0.00 0.00 0.00
0009600427 0.00 0.00 0.00
0009600429 0.00 0.00 0.00
0009600430 0.00 0.00 0.00
0009600432 0.00 0.00 0.00
0009600433 0.00 0.00 0.00
0009600434 0.00 0.00 0.00
0009600435 0.00 0.00 0.00
0009600436 0.00 0.00 0.00
0009600437 0.00 0.00 0.00
0009600438 0.00 0.00 0.00
0009600439 0.00 0.00 0.00
0009600442 0.00 0.00 0.00
0009600443 0.00 0.00 0.00
0009600444 0.00 0.00 0.00
0009600445 0.00 0.00 0.00
0009600446 0.00 0.00 0.00
0009600447 0.00 0.00 0.00
0009600448 0.00 0.00 0.00
0009600449 0.00 0.00 0.00
0009600450 0.00 0.00 0.00
0009600451 0.00 0.00 0.00
0009600452 0.00 0.00 0.00
0009600453 0.00 0.00 0.00
0009600455 0.00 0.00 0.00
0009600456 0.00 0.00 0.00
0009600457 0.00 0.00 0.00
0009600460 0.00 0.00 0.00
0009600461 0.00 0.00 0.00
0009600462 0.00 0.00 0.00
0009600464 0.00 0.00 0.00
0009600466 0.00 0.00 0.00
0009600467 0.00 0.00 0.00
0009600468 0.00 0.00 0.00
0009600469 0.00 0.00 0.00
0009600470 0.00 0.00 0.00
0009600471 0.00 0.00 0.00
0009600472 0.00 0.00 0.00
0009600473 0.00 0.00 0.00
0009600474 0.00 0.00 0.00
0009600475 0.00 0.00 0.00
0009600476 0.00 0.00 0.00
0009600477 0.00 0.00 0.00
0009600478 0.00 0.00 0.00
0009600479 0.00 0.00 0.00
0009600480 0.00 0.00 0.00
0009600481 0.00 0.00 0.00
0009600482 0.00 0.00 0.00
0009600485 0.00 0.00 0.00
0009600486 0.00 0.00 0.00
0009600487 0.00 0.00 0.00
0009600488 0.00 0.00 0.00
0009600491 0.00 0.00 0.00
0009600492 0.00 0.00 0.00
0009600493 0.00 0.00 0.00
0009600494 0.00 0.00 0.00
0009600495 0.00 0.00 0.00
0009600496 0.00 0.00 0.00
0009600497 0.00 0.00 0.00
0009600498 0.00 0.00 0.00
0009600499 0.00 0.00 0.00
0009600500 0.00 0.00 0.00
0009600501 0.00 0.00 0.00
0009600502 0.00 0.00 0.00
0009600504 0.00 0.00 0.00
0009600505 0.00 0.00 0.00
0009600506 0.00 0.00 0.00
0009600507 0.00 0.00 0.00
0009600508 0.00 0.00 0.00
0009600509 0.00 0.00 0.00
0009600510 0.00 0.00 0.00
0009600511 0.00 0.00 0.00
0009600512 0.00 0.00 0.00
0009600513 0.00 0.00 0.00
0009600514 0.00 0.00 0.00
0009600516 0.00 0.00 0.00
0009600517 0.00 0.00 0.00
0009600518 0.00 0.00 0.00
0009600519 0.00 0.00 0.00
0009600520 0.00 0.00 0.00
0009600521 0.00 0.00 0.00
0009600522 0.00 0.00 0.00
0009600528 0.00 0.00 0.00
0009600530 0.00 0.00 0.00
0009600531 0.00 0.00 0.00
0009600532 0.00 0.00 0.00
0009600533 0.00 0.00 0.00
0009600534 0.00 0.00 0.00
0009600538 0.00 0.00 0.00
0009600539 0.00 0.00 0.00
0009600540 0.00 0.00 0.00
0009600541 0.00 0.00 0.00
0009600542 0.00 0.00 0.00
0009600543 0.00 0.00 0.00
0009600544 0.00 0.00 0.00
0009600545 0.00 0.00 0.00
0009600548 0.00 0.00 0.00
0009600550 0.00 0.00 0.00
0009600551 0.00 0.00 0.00
0009600552 0.00 0.00 0.00
0009600553 0.00 0.00 0.00
0009600554 0.00 0.00 0.00
0009600555 0.00 0.00 0.00
0009600557 0.00 0.00 0.00
0009600558 0.00 0.00 0.00
0009600559 0.00 0.00 0.00
0009600560 0.00 0.00 0.00
0009600561 0.00 0.00 0.00
0009600562 0.00 0.00 0.00
0009600563 0.00 0.00 0.00
0009600564 0.00 0.00 0.00
0009600565 0.00 0.00 0.00
0009600566 0.00 0.00 0.00
0009600567 0.00 0.00 0.00
0009600568 0.00 0.00 0.00
0009600569 0.00 0.00 0.00
0009600570 0.00 0.00 0.00
0009600571 0.00 0.00 0.00
0009600572 0.00 0.00 0.00
0009600573 0.00 0.00 0.00
0009600574 0.00 0.00 0.00
0009600575 0.00 0.00 0.00
0009600576 0.00 0.00 0.00
0009600577 0.00 0.00 0.00
0009600578 0.00 0.00 0.00
0009600579 0.00 0.00 0.00
0009600580 0.00 0.00 0.00
0009600581 0.00 0.00 0.00
0009600582 0.00 0.00 0.00
0009600583 0.00 0.00 0.00
0009600584 0.00 0.00 0.00
0009600585 0.00 0.00 0.00
0009600586 0.00 0.00 0.00
0009600587 0.00 0.00 0.00
0009600588 0.00 0.00 0.00
0009600589 0.00 0.00 0.00
0009600590 0.00 0.00 0.00
0009600591 0.00 0.00 0.00
0009600592 0.00 0.00 0.00
0009600593 0.00 0.00 0.00
0009600594 0.00 0.00 0.00
0009600595 0.00 0.00 0.00
0009600596 0.00 0.00 0.00
0009600598 0.00 0.00 0.00
0009600599 0.00 0.00 0.00
0009600600 0.00 0.00 0.00
0009600601 0.00 0.00 0.00
0009600602 0.00 0.00 0.00
0009600604 0.00 0.00 0.00
0009600605 0.00 0.00 0.00
0009600606 0.00 0.00 0.00
0009600607 0.00 0.00 0.00
0009600608 0.00 0.00 0.00
0009600609 0.00 0.00 0.00
0009600610 0.00 0.00 0.00
0009600611 0.00 0.00 0.00
0009600612 0.00 0.00 0.00
0009600613 0.00 0.00 0.00
0009600615 0.00 0.00 0.00
0009600616 0.00 0.00 0.00
0009600617 0.00 0.00 0.00
0009600618 0.00 0.00 0.00
0009600619 0.00 0.00 0.00
0009600620 0.00 0.00 0.00
0009600622 0.00 0.00 0.00
0009600623 0.00 0.00 0.00
0009600624 0.00 0.00 0.00
0009600626 0.00 0.00 0.00
0009600627 0.00 0.00 0.00
0009600628 0.00 0.00 0.00
0009600629 0.00 0.00 0.00
0009600630 0.00 0.00 0.00
0009600632 0.00 0.00 0.00
0009600633 0.00 0.00 0.00
0009600634 0.00 0.00 0.00
0009600635 0.00 0.00 0.00
0009600636 0.00 0.00 0.00
0009600638 0.00 0.00 0.00
0009600639 0.00 0.00 0.00
0009600640 0.00 0.00 0.00
0009600641 0.00 0.00 0.00
0009600643 0.00 0.00 0.00
0009600644 0.00 0.00 0.00
0009600647 0.00 0.00 0.00
0009600648 0.00 0.00 0.00
0009600649 0.00 0.00 0.00
0009600650 0.00 0.00 0.00
0009600651 0.00 0.00 0.00
0009600652 0.00 0.00 0.00
0009600653 0.00 0.00 0.00
0009600654 0.00 0.00 0.00
0009600655 0.00 0.00 0.00
0009600656 0.00 0.00 0.00
0009600657 0.00 0.00 0.00
0009600658 0.00 0.00 0.00
0009600659 0.00 0.00 0.00
0009600660 0.00 0.00 0.00
0009600661 0.00 0.00 0.00
0009600662 0.00 0.00 0.00
0009600663 0.00 0.00 0.00
0009600664 0.00 0.00 0.00
0009600665 0.00 0.00 0.00
0009600666 0.00 0.00 0.00
0009600667 0.00 0.00 0.00
0009600668 0.00 0.00 0.00
0009600669 0.00 0.00 0.00
0009600670 0.00 0.00 0.00
0009600671 0.00 0.00 0.00
0009600672 0.00 0.00 0.00
0009600674 0.00 0.00 0.00
0009600675 0.00 0.00 0.00
0009600676 0.00 0.00 0.00
0009600677 0.00 0.00 0.00
0009600678 0.00 0.00 0.00
0009600679 0.00 0.00 0.00
0009600680 0.00 0.00 0.00
0009600681 0.00 0.00 0.00
0009600682 0.00 0.00 0.00
0009600683 0.00 0.00 0.00
0009600684 0.00 0.00 0.00
0009600685 0.00 0.00 0.00
0009600686 0.00 0.00 0.00
0009600687 0.00 0.00 0.00
0009600688 0.00 0.00 0.00
0009600689 0.00 0.00 0.00
0009600690 0.00 0.00 0.00
0009600691 0.00 0.00 0.00
0009600692 0.00 0.00 0.00
0009600693 0.00 0.00 0.00
0009600694 0.00 0.00 0.00
0009600695 0.00 0.00 0.00
0009600698 0.00 0.00 0.00
0009600699 0.00 0.00 0.00
0009600701 0.00 0.00 0.00
0009600703 0.00 0.00 0.00
0009600705 0.00 0.00 0.00
0009600706 0.00 0.00 0.00
0009600707 0.00 0.00 0.00
0009600708 0.00 0.00 0.00
0009600709 0.00 0.00 0.00
0009600711 0.00 0.00 0.00
0009600713 0.00 0.00 0.00
0009600714 0.00 0.00 0.00
0009600715 0.00 0.00 0.00
0009600716 0.00 0.00 0.00
0009600717 0.00 0.00 0.00
0009600718 0.00 0.00 0.00
0009600719 0.00 0.00 0.00
0009600720 0.00 0.00 0.00
0009600721 0.00 0.00 0.00
0009600722 0.00 0.00 0.00
0009600723 0.00 0.00 0.00
0009600724 0.00 0.00 0.00
0009600727 0.00 0.00 0.00
0009600728 0.00 0.00 0.00
0009600729 0.00 0.00 0.00
0009600730 0.00 0.00 0.00
0009600733 0.00 0.00 0.00
0009600735 0.00 0.00 0.00
0009600736 0.00 0.00 0.00
0009600737 0.00 0.00 0.00
0009600738 0.00 0.00 0.00
0009600739 0.00 0.00 0.00
0009600742 0.00 0.00 0.00
0009600743 0.00 0.00 0.00
0009600744 0.00 0.00 0.00
0009600745 0.00 0.00 0.00
0009600746 0.00 0.00 0.00
0009600747 0.00 0.00 0.00
0009600748 0.00 0.00 0.00
0009600749 0.00 0.00 0.00
0009600750 0.00 0.00 0.00
0009600752 0.00 0.00 0.00
0009600753 0.00 0.00 0.00
0009600755 0.00 0.00 0.00
0009600756 0.00 0.00 0.00
0009600757 0.00 0.00 0.00
0009600758 0.00 0.00 0.00
0009600759 0.00 0.00 0.00
0009600760 0.00 0.00 0.00
0009600761 0.00 0.00 0.00
0009600762 0.00 0.00 0.00
0009600763 0.00 0.00 0.00
0009600764 0.00 0.00 0.00
0009600766 0.00 0.00 0.00
0009600767 0.00 0.00 0.00
0009600768 0.00 0.00 0.00
0009600769 0.00 0.00 0.00
0009600770 0.00 0.00 0.00
0009600772 0.00 0.00 0.00
0009600774 0.00 0.00 0.00
0009600775 0.00 0.00 0.00
0009600776 0.00 0.00 0.00
0009600778 0.00 0.00 0.00
0009600779 0.00 0.00 0.00
0009600780 0.00 0.00 0.00
0009600781 0.00 0.00 0.00
0009600782 0.00 0.00 0.00
0009600784 0.00 0.00 0.00
0009600785 0.00 0.00 0.00
0009600786 0.00 0.00 0.00
0009600787 0.00 0.00 0.00
0009600788 0.00 0.00 0.00
0009600789 0.00 0.00 0.00
0009600790 0.00 0.00 0.00
0009600791 0.00 0.00 0.00
0009600792 0.00 0.00 0.00
0009600794 0.00 0.00 0.00
0009600795 0.00 0.00 0.00
0009600796 0.00 0.00 0.00
0009600797 0.00 0.00 0.00
0009600798 0.00 0.00 0.00
0009600799 0.00 0.00 0.00
0009600800 0.00 0.00 0.00
0009600801 0.00 0.00 0.00
0009600802 0.00 0.00 0.00
0009600803 0.00 0.00 0.00
0009600804 0.00 0.00 0.00
0009600805 0.00 0.00 0.00
0009600807 0.00 0.00 0.00
0009600809 0.00 0.00 0.00
0009600810 0.00 0.00 0.00
0009600811 0.00 0.00 0.00
0009600812 0.00 0.00 0.00
0009600813 0.00 0.00 0.00
0009600814 0.00 0.00 0.00
0009600816 0.00 0.00 0.00
0009600817 0.00 0.00 0.00
0009600819 0.00 0.00 0.00
0009600820 0.00 0.00 0.00
0009600821 0.00 0.00 0.00
0009600822 0.00 0.00 0.00
0009600823 0.00 0.00 0.00
0009600824 0.00 0.00 0.00
0009600825 0.00 0.00 0.00
0009600827 0.00 0.00 0.00
0009600828 0.00 0.00 0.00
0009600829 0.00 0.00 0.00
0009600830 0.00 0.00 0.00
0009600831 0.00 0.00 0.00
0009600832 0.00 0.00 0.00
0009600833 0.00 0.00 0.00
0009600835 0.00 0.00 0.00
0009600836 0.00 0.00 0.00
0009600838 0.00 0.00 0.00
0009600840 0.00 0.00 0.00
0009600842 0.00 0.00 0.00
0009600843 0.00 0.00 0.00
0009600844 0.00 0.00 0.00
0009600845 0.00 0.00 0.00
0009600846 0.00 0.00 0.00
0009600847 0.00 0.00 0.00
0009600849 0.00 0.00 0.00
0009600850 0.00 0.00 0.00
0009600851 0.00 0.00 0.00
0009600852 0.00 0.00 0.00
0009600853 0.00 0.00 0.00
0009600854 0.00 0.00 0.00
0009600855 0.00 0.00 0.00
0009600857 0.00 0.00 0.00
0009600858 0.00 0.00 0.00
0009600859 0.00 0.00 0.00
0009600860 0.00 0.00 0.00
0009600861 0.00 0.00 0.00
0009600862 0.00 0.00 0.00
0009600863 0.00 0.00 0.00
0009600864 0.00 0.00 0.00
0009600865 0.00 0.00 0.00
0009600866 0.00 0.00 0.00
0009600867 0.00 0.00 0.00
0009600869 0.00 0.00 0.00
0009600870 0.00 0.00 0.00
0009600872 0.00 0.00 0.00
0009600873 0.00 0.00 0.00
0009600874 0.00 0.00 0.00
0009600876 0.00 0.00 0.00
0009600877 0.00 0.00 0.00
0009600878 0.00 0.00 0.00
0009600879 0.00 0.00 0.00
0009600881 0.00 0.00 0.00
0009600882 0.00 0.00 0.00
0009600885 0.00 0.00 0.00
0009600886 0.00 0.00 0.00
0009600887 0.00 0.00 0.00
0009600889 0.00 0.00 0.00
0009600890 0.00 0.00 0.00
0009600891 0.00 0.00 0.00
0009600892 0.00 0.00 0.00
0009600893 0.00 0.00 0.00
0009600894 0.00 0.00 0.00
0009600895 0.00 0.00 0.00
0009600897 0.00 0.00 0.00
0009600898 0.00 0.00 0.00
0009600899 0.00 0.00 0.00
0009600900 0.00 0.00 0.00
0009600901 0.00 0.00 0.00
0009600902 0.00 0.00 0.00
0009600903 0.00 0.00 0.00
0009600904 0.00 0.00 0.00
0009600905 0.00 0.00 0.00
0009600907 0.00 0.00 0.00
0009600908 0.00 0.00 0.00
0009600909 0.00 0.00 0.00
0009600910 0.00 0.00 0.00
0009600911 0.00 0.00 0.00
0009600912 0.00 0.00 0.00
0009600913 0.00 0.00 0.00
0009600914 0.00 0.00 0.00
0009600915 0.00 0.00 0.00
0009600916 0.00 0.00 0.00
0009600917 0.00 0.00 0.00
0009600918 0.00 0.00 0.00
0009600919 0.00 0.00 0.00
0009600920 0.00 0.00 0.00
0009600921 0.00 0.00 0.00
0009600923 0.00 0.00 0.00
0009600924 0.00 0.00 0.00
0009600925 0.00 0.00 0.00
0009600926 0.00 0.00 0.00
0009600927 0.00 0.00 0.00
0009600928 0.00 0.00 0.00
0009600929 0.00 0.00 0.00
0009600930 0.00 0.00 0.00
0009600932 0.00 0.00 0.00
0009600933 0.00 0.00 0.00
0009600934 0.00 0.00 0.00
0009600935 0.00 0.00 0.00
0009600936 0.00 0.00 0.00
0009600939 0.00 0.00 0.00
0009600940 0.00 0.00 0.00
0009600941 0.00 0.00 0.00
0009600942 0.00 0.00 0.00
0009600943 0.00 0.00 0.00
0009600944 0.00 0.00 0.00
0009600946 0.00 0.00 0.00
0009600947 0.00 0.00 0.00
0009600948 0.00 0.00 0.00
0009600949 0.00 0.00 0.00
0009600950 0.00 0.00 0.00
0009600951 0.00 0.00 0.00
0009600952 0.00 0.00 0.00
0009600953 0.00 0.00 0.00
0009600954 0.00 0.00 0.00
0009600955 0.00 0.00 0.00
0009600957 0.00 0.00 0.00
0009600959 0.00 0.00 0.00
0009600960 0.00 0.00 0.00
0009600961 0.00 0.00 0.00
0009600962 0.00 0.00 0.00
0009600963 0.00 0.00 0.00
0009600964 0.00 0.00 0.00
0009600965 0.00 0.00 0.00
0009600966 0.00 0.00 0.00
0009600967 0.00 0.00 0.00
0009600968 0.00 0.00 0.00
0009600969 0.00 0.00 0.00
0009600971 0.00 0.00 0.00
0009600972 0.00 0.00 0.00
0009600973 0.00 0.00 0.00
0009600974 0.00 0.00 0.00
0009600976 0.00 0.00 0.00
0009600977 0.00 0.00 0.00
0009600978 0.00 0.00 0.00
0009600979 0.00 0.00 0.00
0009600980 0.00 0.00 0.00
0009600981 0.00 0.00 0.00
0009600983 0.00 0.00 0.00
0009600984 0.00 0.00 0.00
0009600985 0.00 0.00 0.00
0009600986 0.00 0.00 0.00
0009600987 0.00 0.00 0.00
0009600989 0.00 0.00 0.00
0009600990 0.00 0.00 0.00
0009600991 0.00 0.00 0.00
0009600992 0.00 0.00 0.00
0009600993 0.00 0.00 0.00
0009600994 0.00 0.00 0.00
0009600995 0.00 0.00 0.00
0009600996 0.00 0.00 0.00
0009600998 0.00 0.00 0.00
0009600999 0.00 0.00 0.00
0009601001 0.00 0.00 0.00
0009601002 0.00 0.00 0.00
0009601003 0.00 0.00 0.00
0009601004 0.00 0.00 0.00
0009601005 0.00 0.00 0.00
0009601006 0.00 0.00 0.00
0009601007 0.00 0.00 0.00
0009601008 0.00 0.00 0.00
0009601009 0.00 0.00 0.00
0009601010 0.00 0.00 0.00
0009601011 0.00 0.00 0.00
0009601014 0.00 0.00 0.00
0009601015 0.00 0.00 0.00
0009601016 0.00 0.00 0.00
0009601018 0.00 0.00 0.00
0009601020 0.00 0.00 0.00
0009601022 0.00 0.00 0.00
0009601023 0.00 0.00 0.00
0009601024 0.00 0.00 0.00
0009601025 0.00 0.00 0.00
0009601026 0.00 0.00 0.00
0009601027 0.00 0.00 0.00
0009601030 0.00 0.00 0.00
0009601031 0.00 0.00 0.00
0009601033 0.00 0.00 0.00
0009601034 0.00 0.00 0.00
0009601035 0.00 0.00 0.00
0009601036 0.00 0.00 0.00
0009601037 0.00 0.00 0.00
0009601038 0.00 0.00 0.00
0009601039 0.00 0.00 0.00
0009601040 0.00 0.00 0.00
0009601041 0.00 0.00 0.00
0009601042 0.00 0.00 0.00
0009601043 0.00 0.00 0.00
0009601044 0.00 0.00 0.00
0009601046 0.00 0.00 0.00
0009601047 0.00 0.00 0.00
0009601048 0.00 0.00 0.00
0009601049 0.00 0.00 0.00
0009601051 0.00 0.00 0.00
0009601052 0.00 0.00 0.00
0009601054 0.00 0.00 0.00
0009601055 0.00 0.00 0.00
0009601056 0.00 0.00 0.00
0009601057 0.00 0.00 0.00
0009601058 0.00 0.00 0.00
0009601059 0.00 0.00 0.00
0009601060 0.00 0.00 0.00
0009601061 0.00 0.00 0.00
0009601062 0.00 0.00 0.00
0009601063 0.00 0.00 0.00
0009601064 0.00 0.00 0.00
0009601065 0.00 0.00 0.00
0009601066 0.00 0.00 0.00
0009601067 0.00 0.00 0.00
0009601068 0.00 0.00 0.00
0009601069 0.00 0.00 0.00
0009601070 0.00 0.00 0.00
0009601071 0.00 0.00 0.00
0009601072 0.00 0.00 0.00
0009601073 0.00 0.00 0.00
0009601074 0.00 0.00 0.00
0009601075 0.00 0.00 0.00
0009601076 0.00 0.00 0.00
0009601077 0.00 0.00 0.00
0009601078 0.00 0.00 0.00
0009601080 0.00 0.00 0.00
0009601081 0.00 0.00 0.00
0009601082 0.00 0.00 0.00
0009601083 0.00 0.00 0.00
0009601085 0.00 0.00 0.00
0009601086 0.00 0.00 0.00
0009601087 0.00 0.00 0.00
0009601088 0.00 0.00 0.00
0009601089 0.00 0.00 0.00
0009601090 0.00 0.00 0.00
0009601091 0.00 0.00 0.00
0009601093 0.00 0.00 0.00
0009601094 0.00 0.00 0.00
0009601096 0.00 0.00 0.00
0009601097 0.00 0.00 0.00
0009601098 0.00 0.00 0.00
0009601099 0.00 0.00 0.00
0009601100 0.00 0.00 0.00
0009601101 0.00 0.00 0.00
0009601102 0.00 0.00 0.00
0009601103 0.00 0.00 0.00
0009601104 0.00 0.00 0.00
0009601105 0.00 0.00 0.00
0009601106 0.00 0.00 0.00
0009601107 0.00 0.00 0.00
0009601108 0.00 0.00 0.00
0009601109 0.00 0.00 0.00
0009601110 0.00 0.00 0.00
0009601111 0.00 0.00 0.00
0009601112 0.00 0.00 0.00
0009601113 0.00 0.00 0.00
0009601115 0.00 0.00 0.00
0009601116 0.00 0.00 0.00
0009601117 0.00 0.00 0.00
0009601119 0.00 0.00 0.00
0009601120 0.00 0.00 0.00
0009601121 0.00 0.00 0.00
0009601122 0.00 0.00 0.00
0009601123 0.00 0.00 0.00
0009601124 0.00 0.00 0.00
0009601125 0.00 0.00 0.00
0009601126 0.00 0.00 0.00
0009601127 0.00 0.00 0.00
0009601128 0.00 0.00 0.00
0009601129 0.00 0.00 0.00
0009601130 0.00 0.00 0.00
0009601131 0.00 0.00 0.00
0009601132 0.00 0.00 0.00
0009601133 0.00 0.00 0.00
0009601134 0.00 0.00 0.00
0009601135 0.00 0.00 0.00
0009601137 0.00 0.00 0.00
0009601138 0.00 0.00 0.00
0009601139 0.00 0.00 0.00
0009601140 0.00 0.00 0.00
0009601141 0.00 0.00 0.00
0009601142 0.00 0.00 0.00
0009601143 0.00 0.00 0.00
0009601144 0.00 0.00 0.00
0009601145 0.00 0.00 0.00
0009601146 0.00 0.00 0.00
0009601147 0.00 0.00 0.00
0009601148 0.00 0.00 0.00
0009601149 0.00 0.00 0.00
0009601150 0.00 0.00 0.00
0009601151 0.00 0.00 0.00
0009601153 0.00 0.00 0.00
0009601154 0.00 0.00 0.00
0009601155 0.00 0.00 0.00
0009601156 0.00 0.00 0.00
0009601157 0.00 0.00 0.00
0009601158 0.00 0.00 0.00
0009601159 0.00 0.00 0.00
0009601160 0.00 0.00 0.00
0009601161 0.00 0.00 0.00
0009601162 0.00 0.00 0.00
0009601163 0.00 0.00 0.00
0009601164 0.00 0.00 0.00
0009601165 0.00 0.00 0.00
0009601166 0.00 0.00 0.00
0009601170 0.00 0.00 0.00
0009601172 0.00 0.00 0.00
0009601175 0.00 0.00 0.00
0009601176 0.00 0.00 0.00
0009601177 0.00 0.00 0.00
0009601178 0.00 0.00 0.00
0009601179 0.00 0.00 0.00
0009601180 0.00 0.00 0.00
0009601181 0.00 0.00 0.00
0009601183 0.00 0.00 0.00
0009601184 0.00 0.00 0.00
0009601186 0.00 0.00 0.00
0009601188 0.00 0.00 0.00
0009601189 0.00 0.00 0.00
0009601190 0.00 0.00 0.00
0009601191 0.00 0.00 0.00
0009601192 0.00 0.00 0.00
0009601194 0.00 0.00 0.00
